$ANSIBLE_VAULT;1.1;AES256
61356535643735643737303038393032336363353565623962353432373865393839353238393462
3438383332353632383333383334633632356639373737340a373238323862373134616536353061
36323466303439386639333132653061323031346339353938666133303666656561383132336633
3133366436336263380a306566643064656164316566346532653930666337366166623832353432
38336331326335323562666434643066366336343136353364653865316661633934343235653535
34323430393839323864323966646463373336353030623932303732336338653635356530373337
36653434626236646466643661346431383963616536356238306162313465303435613535336564
34346365666162653761383832353637356261336133366538313737623135323239333564613262
33376666313139326538336237663637373833633833313733356533353333613066666464613239
62333834623937303731353163313130303936306431323338663634616335316439633739366238
39343338343131663239646536336366623532303435643464333330323565366166343461323562
32306338313361643062383537343037386630633861343238663664356339326230353061636166
31613266396139386236323433386338363763663130306530663066356538383236316338303662
32313732623762656165353538333065656631343434303239656639316135636634616432353136
61663737373865653064383738646166333166616663393333306539353634393930613638636230
65653531393638323763636232643361663339306132313039336436646231346563666664363230
63373638383935646331633834626539623762643836373665376262333532613239346364613839
37353931643232363636633166626364353564343339356664376563623966346638323730653330
30666661333664336333623238363562616563626565346433633733643738343263313161333363
35373562646636323830393134396636353332376531353435356465376464643331656636396230
64376534326139393836636632326130363039316161396565333662336134366336363835336132
64353430626437343334316531303630313634356331303463396666626365353061343639306333
33333063346665313736356237393961663935623131383463393135626363346438613936643630
31333539353537386231333835336136623934346332353537396133316266653439353164633332
61363638346665643439373431393534666431626133353334633536616563383366616639306139
38333261323536313138356332646465623766313765396561336131616638626433636633643934
32333136633030353537373964383465643938393565366164663937366235336132666133663231
61366639393739646133316532323065633861396131646365633865333064376533336236613161
35373038626365363938623736366635366366656134303130343633643738386130613366646637
33333835393064353463356561306637356436326233323537323937336661363235393761626131
36376164356533353437653632656535663736313637636331363231333562643964616230323461
39393033336165383164663732643335633962316634373531633134363437393130626563323534
37336165323336316461616537653933623966623161643639656230363139313961636464663237
61333266373563373865303565376130303462353536393365353538353263373365623365303766
31666139383738643830386462353432343666326264653936633465333562323030363831363864
36613065393361363963316531316230616436323061373363623337353134366166383632386563
33666534323765366236643232663933333865616639306364313161393531336233323466313063
33343335643764316335383937373836646236383931376165303732316136626232323265376562
39313666613839376466656134613265393830313966613232616635643565336639616631323963
62363664626632383163373966326233313739383230663638356264386338646363353838616330
32613135323139366663326263303036343939303131343433643834353138616633643365363661
65626264303834383935626232626163373731616365643139363834623932396234613635636661
336137666665306238646633313565656462
